 CARTESIAN COORDINATES: NUMAT =   82
    1    1        0.0817538800        0.5401682700       12.0494157900
    2    7        0.6230000300       -0.0830000000       11.6230006400
    3    6        1.4530000800       -1.0550000600       12.3240006800
    4    6        2.7010001500       -0.2680000100       12.7680007000
    5    8        3.5320001900        0.1240000100       11.9380006600
    6    6        1.8400001000       -2.2310001200       11.3710006200
    7    6        2.8220001600       -3.1970001800       12.0380006600
    8    6        0.5650000300       -2.9710001600       10.9740006000
    9    1        0.5860000300       -0.0270000000       10.5700005800
   10    1        0.9810000500       -1.3490000700       13.1350007200
   11    1        2.3070001300       -1.8340001000       10.5860005800
   12    1        3.6370002000       -2.6950001500       12.3220006800
   13    1        2.3870001300       -3.6100002000       12.8360007100
   14    1        3.0770001700       -3.9100002100       11.3870006300
   15    1        0.1970000100       -3.4420001900       11.7740006500
   16    1       -0.1030000100       -2.3120001300       10.6320005800
   17    1        0.7810000400       -3.6360002000       10.2600005600
   18    1        2.8259759600       -0.0329826100       13.7827414000
   19    1        8.9141381100        3.1964383600        8.2973327800
   20    7        8.0340004400        3.0550001700        8.5480004700
   21    6        7.2890004000        1.9130001100        8.0620004400
   22    6        6.3550003500        2.1110001200        6.8970003800
   23    8        5.5490003000        1.2370000700        6.6350003600
   24    1        7.6410004200        3.7690002100        9.1910005100
   25    1        7.9640004400        1.1550000600        7.8240004300
   26    1        6.7500003700        1.5070000800        8.8570004900
   27    1        6.3738646200        2.9929048900        6.3546525200
   28    1       -5.4102543600       -2.5897158300        7.0124321400
   29    7       -5.2100002900       -2.9020001600        6.1540003400
   30    6       -5.9980003300       -2.5600001400        4.9810002700
   31    6       -7.3300004000       -3.2990001800        4.9430002700
   32    8       -8.3540004600       -2.7290001500        4.5860002500
   33    6       -5.1730002800       -2.8420001600        3.7030002000
   34    6       -3.8650002100       -2.0520001100        3.5650002000
   35    6       -3.8940002100       -0.5160000300        3.6160002000
   36    8       -4.9200002700        0.1450000100        3.7050002000
   37    8       -2.8320001600        0.0650000000        3.5540002000
   38    1       -4.3650002400       -3.5210001900        6.1150003400
   39    1       -6.1700003400       -1.5610000900        4.9660002700
   40    1       -4.9400002700       -3.8030002100        3.7080002000
   41    1       -5.7410003200       -2.6130001400        2.9280001600
   42    1       -3.2450001800       -2.3550001300        4.3020002400
   43    1       -3.4450001900       -2.3040001300        2.6820001500
   44    1       -7.3433626000       -4.2885885200        5.2503307200
   45    6        0.4910000300        0.6730000400        8.0140004400
   46    7        1.5530000900        0.2000000100        8.7160004800
   47    6        2.8270001600        0.3950000200        8.2910004600
   48    7        3.0470001700        1.0660000600        7.1590003900
   49    6        2.0460001100        1.5410000800        6.4300003500
   50    7        2.3650001300        2.2240001200        5.3160002900
   51    6        1.3970000800        2.7510001500        4.5250002500
   52    6        0.0180000000        2.5660001400        4.8470002700
   53    7       -0.2930000200        1.8640001000        5.9930003300
   54    6        0.6880000400        1.3640000700        6.8030003700
   55    8       -0.7550000400        0.6090000300        8.6080004700
   56    7        3.8670002100        0.2480000100        9.1050005000
   57    6       -1.1430000600        3.1220001700        3.9790002200
   58    8       -2.4010001300        2.6330001400        4.4350002400
   59    8       -2.5800001400        5.0780002800        4.3140002400
   60    8       -0.0520000000        4.4460002400        1.6220000900
   61    6       -1.2830000700        4.6450002600        3.8280002100
   62    6       -1.0770000600        5.1640002800        2.3550001300
   63    1        3.9770002200        1.3260000700        6.8450003800
   64    1        1.7170000900        3.2950001800        3.6400002000
   65    1       -0.9680000500        2.6950001500        2.9810001600
   66    1       -2.2650001200        2.3180001300        5.3450002900
   67    1       -2.4900001400        6.0250003300        4.4890002500
   68    1       -0.4900000300        3.7390002100        1.1340000600
   69    1       -0.5020000300        5.1230002800        4.4410002400
   70    1        3.6710002000       -0.2800000200        9.9460005500
   71    1        4.7930002600        0.1200000100        8.7210004800
   72    1       -0.7720000400        6.2140003400        2.3760001300
   73    1       -2.0450001100        5.0950002800        1.8450001000
   74    8       -3.9940002200        7.2950004000        2.9080001600
   75    1       -3.9260002200        6.4290003500        2.4130001300
   76    1       -3.1380001700        7.5330004100        3.3670001900
   77    8       -5.1770002800        3.0140001700        3.8510002100
   78    1       -5.0880002800        2.0190001100        3.8000002100
   79    1       -4.7640002600        3.4680001900        3.0620001700
   80    8        2.6030001400        5.2950002900        2.1160001200
   81    1        3.5630002000        5.5120003000        1.9410001100
   82    1        1.9850001100        5.9460003300        1.6760000900
 
 ENERGY, CARTESIAN AND INTERNAL GRADIENT NORM
            -206131.6503220182      752.1318630147        0.0000000000
 
 CARTESIAN GRADIENT
    1    1       29.9874303968      -32.1088446738      -32.5674982500
    2    7      -55.8378390208       57.4444908103       73.6679339412
    3    6      -27.5004418585      -68.3071184069      130.8545746998
    4    6       -7.5785639631       11.5297647670       92.0357508831
    5    8        3.7226212070        7.7773820918       -3.9913728948
    6    6       45.9455810530       20.0796029026      -86.2847267185
    7    6       49.6344713567      -48.3830359472       22.5872169778
    8    6      -59.4499695051      -39.5942692950      -18.3736820845
    9    1       -7.1320719982        7.5567349807      -57.0416921549
   10    1       68.5680290437       55.2082479532     -121.8926772979
   11    1      -46.5873864148      -47.3749054121       96.9583985239
   12    1      -72.7335428083      -45.4016154833      -24.6657298877
   13    1       39.0887955053       36.9006578772      -70.5474217601
   14    1      -19.8811820463       61.3269787422       58.3454785895
   15    1       33.5555592602       42.0108598231      -72.6101941587
   16    1       53.4093419908      -55.5953936156       29.3404295069
   17    1      -19.8839783509       57.8448355897       63.3957282248
   18    1       -7.0478906401      -17.7062601450      -79.0338725732
   19    1      -54.1050673896       -7.3627950424       17.8631009858
   20    7       87.1774873965      -17.1912789580      -20.6420480887
   21    6      -26.7540603601      -67.6552224767      -13.7852580792
   22    6      -18.9760737126       12.1121963482      -39.1430540773
   23    8       17.0693836127       44.8989130809        4.7803362239
   24    1      -11.6433079156       40.2382278152       32.3969902823
   25    1      -46.4480661562       47.7905325812       28.6624838634
   26    1       48.3722533747       21.0615483929      -52.7023905434
   27    1       -9.1420248108      -74.6307987695       41.0874349196
   28    1       11.3749785475      -23.5914009336      -40.0384989245
   29    7      -30.6483916637       71.0921518367       57.2009992661
   30    6      -64.3559081683       53.2932773094      -21.1838495024
   31    6      -19.4063916805      -67.8286227284       14.8493616468
   32    8       17.7449902774       -9.0696953488        9.0611869056
   33    6      -23.1768620720      -71.9532434482      -69.7443931976
   34    6       80.3167293019      -18.5145569566      -25.6713972561
   35    6       27.8249467828       59.0658532210       -3.6729559430
   36    8      139.5014030422      -44.1263935529       -8.6632587642
   37    8     -157.5711563233      -41.2084177798       14.7125879817
   38    1       47.0947788240      -37.0653468425        5.5359081032
   39    1       23.8284814645     -102.2718124481       -0.4369207370
   40    1      -27.3748050838      119.6696583164        0.8299964772
   41    1       65.3784848112      -28.7990890246       85.8126951229
   42    1      -54.7438485905       22.4321186269      -70.5366876077
   43    1      -34.9285590405       22.0849165499       84.9094913861
   44    1        0.0096473010       91.0212963473      -27.8395575566
   45    6      202.7815487092       37.2310091957     -151.1626441621
   46    7      -41.5221112733       15.7743990135       -7.3821535203
   47    6       97.1239290640       -5.5539219129      -25.8644436562
   48    7      -85.6706090092       -9.9311515104       20.4826134229
   49    6       74.1907770617      -41.0666134018       73.8038549775
   50    7       14.6714634667      -22.4981206516       33.0850767966
   51    6      -12.5217062782       29.4001919363      -41.1217839634
   52    6        4.0246798199       13.6460157282      -59.3701544883
   53    7      -40.2151276825      -23.1365666989       26.6625855761
   54    6       34.8765226310      -52.8029615795      104.5559213626
   55    8     -174.4181268915       -3.6287153850       79.0961104719
   56    7      -50.1819330004       46.2953680612      -39.9361710059
   57    6       51.6461345743       41.7285667382      -35.6984984070
   58    8      -49.0110317647      -27.9735679050       25.4658756150
   59    8      -46.1030738256       41.8385131602       32.7350914705
   60    8       24.2446197280      -42.0120077961      -39.1621024017
   61    6       18.0798333176      -16.4008137501       -0.5652437931
   62    6      -12.0748736545       48.9932901104       -4.7140157240
   63    1        2.2778379974        6.6152451450       -0.6986759491
   64    1       -0.2675118325       -6.2040314776        8.4540875509
   65    1       -2.4354947506       14.2466062862       27.0938066162
   66    1        8.7200111453        9.6128387211      -12.9418999239
   67    1        1.3896218896      -23.4757722680       -6.6293429210
   68    1        7.5164608910       15.9072183185        5.8534970661
   69    1      -24.7711079843      -14.7661397249      -18.7560267792
   70    1       -8.1517300579      -14.5518489055        0.7897416091
   71    1       13.8366088078       -5.1034282298       -7.4461851686
   72    1      -14.1752869563      -21.5378209821        2.4883843208
   73    1       18.6180742839        2.0698008958       11.5329412983
   74    8        9.2631225552      -11.7049573855        5.4392968546
   75    1      -16.7381865007      -14.0482523664      -21.2215673722
   76    1        9.2132664107       24.5350583949       15.8947300180
   77    8       16.3918101916      -11.8976996313       -4.9865755607
   78    1      -15.2492223392      -10.7689607018       14.2100121083
   79    1       -0.7815159622       32.3637701885      -12.1892488619
   80    8        0.9514778320        8.2630238870       -9.9974012235
   81    1       26.1633995858      -13.0918506497        9.2687810843
   82    1      -28.3905551969        6.9341584823       -0.8872197991
 
