 CARTESIAN COORDINATES: NUMAT =   37
    1    7       63.2469970000       38.7478450000       -0.2117930000
    2    6       62.9993830000       39.8807850000       -1.1257690000
    3    6       62.6633830000       39.4111560000       -2.5473190000
    4    6       63.6903640000       38.4007120000       -3.0942170000
    5    8       64.9741190000       39.0182110000       -3.0924930000
    6    6       63.7537290000       37.2172630000       -2.1151430000
    7    6       64.1492850000       37.6930970000       -0.7137120000
    8    6       63.7720140000       39.1974720000        1.0942830000
    9    6       62.7526000000       40.0153650000        1.8961200000
   10    6       63.5165160000       41.0968210000        2.6768270000
   11    1       63.0513810000       41.3245630000        3.6658770000
   12    6       63.4277900000       38.0549420000       -4.4579070000
   13    6       63.2124270000       39.0750250000       -5.4062560000
   14    6       62.8616610000       38.7783110000       -6.7250770000
   15    6       62.7363660000       37.4491470000       -7.1290150000
   16    1       62.3932960000       37.2214970000       -8.1762810000
   17    6       62.9906920000       36.4186420000       -6.2084950000
   18    6       63.3483850000       36.7176880000       -4.8844340000
   19    1       62.2089690000       40.5574280000       -0.7249810000
   20    1       63.8562340000       40.5927570000       -1.1283060000
   21    1       61.6277360000       39.0007810000       -2.5993350000
   22    1       62.5483630000       40.2772130000       -3.2390820000
   23    1       65.6086440000       38.3946970000       -3.4270130000
   24    1       62.7991170000       36.6405320000       -2.1014000000
   25    1       64.4310820000       36.4116840000       -2.4833110000
   26    1       65.2126220000       38.0243450000       -0.6840120000
   27    1       64.2110000000       36.8389720000        0.0003660000
   28    1       64.1535210000       38.3361540000        1.6903430000
   29    1       64.7219890000       39.7651550000        0.9650640000
   30    1       61.9437790000       40.4391440000        1.2547930000
   31    1       62.1084950000       39.3812190000        2.5507630000
   32    1       64.5906790000       40.8235720000        2.7921190000
   33    1       63.6305010000       42.0226170000        2.0672430000
   34    1       63.3201400000       40.1310320000       -5.1086780000
   35    1       62.6840220000       39.5925030000       -7.4463500000
   36    1       62.9082500000       35.3658910000       -6.5268290000
   37    1       63.5676370000       35.8998290000       -4.1764250000
 
 ENERGY, CARTESIAN AND INTERNAL GRADIENT NORM
             -60508.4555362500      185.9928716318      185.9928716318
 
 CARTESIAN GRADIENT
    1    7       -9.7427987342        1.4144269198       -2.5383430421
    2    6      -13.2670679137       21.4727902202       -3.8354043067
    3    6        8.4123993263       -9.7286262697       -3.6785149177
    4    6      -23.1088211558      -22.1849265788      -91.3530835596
    5    8       23.2153809510      -30.6088337856      -19.3381925156
    6    6        9.4756725921       16.7314176351       -7.4371760482
    7    6       14.3700734588      -17.8506018227        7.1980619147
    8    6       18.2801807412        7.6623155939       19.1954115354
    9    6        3.4131428859       -6.8847734595       -7.3526952647
   10    6       -4.4605519901       -2.8681313929       10.3991236918
   11    1       -5.8546481553        3.1634818017       14.7807233277
   12    6       30.7054300994       29.6211607428      100.5407759735
   13    6        0.4776391313        5.0734157524        2.6644741912
   14    6       -3.2539796845        1.6783342508       -3.9733435493
   15    6        5.9910145340       10.5123945623        1.8164036506
   16    1       -9.2985701256       -1.4875383537      -20.6494244756
   17    6       -2.1472239795       -9.4084249700       -1.5989319635
   18    6        5.0307097977       -4.5572141785       18.9263893074
   19    1       19.2552070207        7.4068369584       -2.5538828398
   20    1      -22.2380781877        0.8091943177        9.5068899115
   21    1       -5.7125917454       14.9213051956       -9.9731858747
   22    1      -14.4337081380       -8.4158672888       -4.8171465516
   23    1      -19.9150639636       18.4193101379       10.4377429113
   24    1        8.7081571718      -15.7489712409       -8.9432349214
   25    1      -18.4845010837       -7.1449201820       -4.9353484968
   26    1      -14.6355408126      -14.6974078254       14.4093054544
   27    1       17.4823919953       11.1381028414       -5.1543656508
   28    1       12.0538297945       12.8253884164       -7.8981226728
   29    1      -10.8892693156      -20.3562022598       10.5681643453
   30    1      -11.7157130097      -10.9808794165        7.9719300537
   31    1      -15.8690860524        7.0112539007       -9.3694687113
   32    1       10.0351238401        9.6241946710      -12.9872227958
   33    1       16.0876547597        2.3948792337       -4.6445713855
   34    1       -0.4484429567        5.1643239836        1.0940341203
   35    1       -0.9832034923        4.0947042916       -4.0033619224
   36    1       -0.4702103149       -5.9726285638       -1.2553805583
   37    1        3.9350627322       -2.2432838504        8.7809716613
 
 INTERNAL COORDINATES AND GRADIENTS: NVAR =  111
    1    1       63.2469970000       -9.7427987342
    1    2       38.7478450000        1.4144269198
    1    3       -0.2117930000       -2.5383430421
    2    1       62.9993830000      -13.2670679137
    2    2       39.8807850000       21.4727902202
    2    3       -1.1257690000       -3.8354043067
    3    1       62.6633830000        8.4123993263
    3    2       39.4111560000       -9.7286262697
    3    3       -2.5473190000       -3.6785149177
    4    1       63.6903640000      -23.1088211558
    4    2       38.4007120000      -22.1849265788
    4    3       -3.0942170000      -91.3530835596
    5    1       64.9741190000       23.2153809510
    5    2       39.0182110000      -30.6088337856
    5    3       -3.0924930000      -19.3381925156
    6    1       63.7537290000        9.4756725921
    6    2       37.2172630000       16.7314176351
    6    3       -2.1151430000       -7.4371760482
    7    1       64.1492850000       14.3700734588
    7    2       37.6930970000      -17.8506018227
    7    3       -0.7137120000        7.1980619147
    8    1       63.7720140000       18.2801807412
    8    2       39.1974720000        7.6623155939
    8    3        1.0942830000       19.1954115354
    9    1       62.7526000000        3.4131428859
    9    2       40.0153650000       -6.8847734595
    9    3        1.8961200000       -7.3526952647
   10    1       63.5165160000       -4.4605519901
   10    2       41.0968210000       -2.8681313929
   10    3        2.6768270000       10.3991236918
   11    1       63.0513810000       -5.8546481553
   11    2       41.3245630000        3.1634818017
   11    3        3.6658770000       14.7807233277
   12    1       63.4277900000       30.7054300994
   12    2       38.0549420000       29.6211607428
   12    3       -4.4579070000      100.5407759735
   13    1       63.2124270000        0.4776391313
   13    2       39.0750250000        5.0734157524
   13    3       -5.4062560000        2.6644741912
   14    1       62.8616610000       -3.2539796845
   14    2       38.7783110000        1.6783342508
   14    3       -6.7250770000       -3.9733435493
   15    1       62.7363660000        5.9910145340
   15    2       37.4491470000       10.5123945623
   15    3       -7.1290150000        1.8164036506
   16    1       62.3932960000       -9.2985701256
   16    2       37.2214970000       -1.4875383537
   16    3       -8.1762810000      -20.6494244756
   17    1       62.9906920000       -2.1472239795
   17    2       36.4186420000       -9.4084249700
   17    3       -6.2084950000       -1.5989319635
   18    1       63.3483850000        5.0307097977
   18    2       36.7176880000       -4.5572141785
   18    3       -4.8844340000       18.9263893074
   19    1       62.2089690000       19.2552070207
   19    2       40.5574280000        7.4068369584
   19    3       -0.7249810000       -2.5538828398
   20    1       63.8562340000      -22.2380781877
   20    2       40.5927570000        0.8091943177
   20    3       -1.1283060000        9.5068899115
   21    1       61.6277360000       -5.7125917454
   21    2       39.0007810000       14.9213051956
   21    3       -2.5993350000       -9.9731858747
   22    1       62.5483630000      -14.4337081380
   22    2       40.2772130000       -8.4158672888
   22    3       -3.2390820000       -4.8171465516
   23    1       65.6086440000      -19.9150639636
   23    2       38.3946970000       18.4193101379
   23    3       -3.4270130000       10.4377429113
   24    1       62.7991170000        8.7081571718
   24    2       36.6405320000      -15.7489712409
   24    3       -2.1014000000       -8.9432349214
   25    1       64.4310820000      -18.4845010837
   25    2       36.4116840000       -7.1449201820
   25    3       -2.4833110000       -4.9353484968
   26    1       65.2126220000      -14.6355408126
   26    2       38.0243450000      -14.6974078254
   26    3       -0.6840120000       14.4093054544
   27    1       64.2110000000       17.4823919953
   27    2       36.8389720000       11.1381028414
   27    3        0.0003660000       -5.1543656508
   28    1       64.1535210000       12.0538297945
   28    2       38.3361540000       12.8253884164
   28    3        1.6903430000       -7.8981226728
   29    1       64.7219890000      -10.8892693156
   29    2       39.7651550000      -20.3562022598
   29    3        0.9650640000       10.5681643453
   30    1       61.9437790000      -11.7157130097
   30    2       40.4391440000      -10.9808794165
   30    3        1.2547930000        7.9719300537
   31    1       62.1084950000      -15.8690860524
   31    2       39.3812190000        7.0112539007
   31    3        2.5507630000       -9.3694687113
   32    1       64.5906790000       10.0351238401
   32    2       40.8235720000        9.6241946710
   32    3        2.7921190000      -12.9872227958
   33    1       63.6305010000       16.0876547597
   33    2       42.0226170000        2.3948792337
   33    3        2.0672430000       -4.6445713855
   34    1       63.3201400000       -0.4484429567
   34    2       40.1310320000        5.1643239836
   34    3       -5.1086780000        1.0940341203
   35    1       62.6840220000       -0.9832034923
   35    2       39.5925030000        4.0947042916
   35    3       -7.4463500000       -4.0033619224
   36    1       62.9082500000       -0.4702103149
   36    2       35.3658910000       -5.9726285638
   36    3       -6.5268290000       -1.2553805583
   37    1       63.5676370000        3.9350627322
   37    2       35.8998290000       -2.2432838504
   37    3       -4.1764250000        8.7809716613
 
